    434.00     179.00      98.90
    499.00     369.00      60.01
    424.00     471.00      39.45
    350.00     535.00      28.46
    270.00     518.00      26.00
    224.00     469.00      14.00
    226.00     417.00       8.54
    247.00     365.00       3.00
   1612.00     384.00     550.00
    512.00    1484.00     550.00
   -588.00     384.00     550.00
    512.00    -716.00     550.00
   3001.02    2873.02    2200.00
  -1977.02    2873.02    2200.00
  -1977.02   -2105.02    2200.00
   3001.02   -2105.02    2200.00
