   1612.00     384.00     550.00
    512.00    1484.00     550.00
   -588.00     384.00     550.00
    512.00    -716.00     550.00
   3001.02    2873.02    2200.00
  -1977.02    2873.02    2200.00
  -1977.02   -2105.02    2200.00
   3001.02   -2105.02    2200.00
    426.00     291.00      22.36
    796.00     290.00     145.34
    239.00     493.00      92.85
    537.00     506.00      92.76
    760.00     596.00      50.61
    114.00     130.00     148.56
    402.00      97.00      19.10
    468.00      89.00      19.10
    546.00      91.00      19.10
    603.00      80.00      19.10
    341.00     290.00      19.10
    385.00     346.00      19.10
