   1612.00     384.00     550.00
    512.00    1484.00     550.00
   -588.00     384.00     550.00
    512.00    -716.00     550.00
   3001.02    2873.02    2200.00
  -1977.02    2873.02    2200.00
  -1977.02   -2105.02    2200.00
   3001.02   -2105.02    2200.00
    266.00     176.00      89.99
    530.00     167.00      90.00
    220.00     321.00       6.32
    247.00     320.00       6.32
    273.00     320.00       6.32
    297.00     320.00       6.32
    325.00     319.00       6.32
    351.00     318.00       6.32
    380.00     319.00       6.32
    407.00     319.00       6.32
    432.00     319.00       6.32
    457.00     319.00       6.32
    480.00     318.00       6.32
    512.00     318.00       6.32
    538.00     321.00       6.32
    564.00     321.00       6.32
    594.00     322.00       6.32
    620.00     322.00       6.32
    649.00     323.00       6.32
    678.00     321.00       6.32
    708.00     319.00       6.32
    736.00     318.00       6.32
    768.00     315.00       6.32
    796.00     315.00       6.32
    824.00     315.00       6.32
    844.00     298.00       6.32
    852.00     274.00       6.32
    852.00     250.00       6.32
    840.00     220.00       6.32
    817.00     200.00       6.32
    781.00     191.00       6.32
    780.00     214.00       6.32
    782.00     238.00       6.32
    754.00     240.00       6.32
    722.00     240.00       6.32
    688.00     240.00       6.32
    660.00     247.00       6.32
    634.00     261.00       6.32
    599.00     271.00       6.32
    562.00     275.00       6.32
    535.00     276.00       6.32
    507.00     276.00       6.32
    479.00     276.00       6.32
    441.00     276.00       6.32
    403.00     276.00       6.32
    365.00     278.00       6.32
    336.00     278.00       6.32
    294.00     281.00       6.32
    253.00     279.00       6.32
    217.00     277.00       6.32
    182.00     266.00       6.32
    160.00     250.00       6.32
    140.00     237.00       6.32
    102.00     228.00       6.32
     63.00     228.00       6.32
     22.00     231.00       6.32
     22.00     256.00       6.32
     23.00     285.00       6.32
     56.00     293.00       6.32
     84.00     294.00       6.32
    110.00     299.00       6.32
    135.00     306.00       6.32
    163.00     311.00       6.32
    189.00     319.00       6.32
    448.00     524.00      65.19
    437.00     424.00       7.00
    465.00     429.00       7.00
    492.00     436.00       7.00
    516.00     454.00       7.00
    533.00     474.00       7.00
    543.00     499.00       7.00
    549.00     528.00       7.00
    542.00     560.00       7.00
    527.00     587.00       7.00
    502.00     609.00       7.00
    470.00     621.00       7.00
    437.00     621.00       7.00
    400.00     612.00       7.00
    371.00     591.00       7.00
    357.00     564.00       7.00
    350.00     533.00       7.00
    353.00     499.00       7.00
    366.00     470.00       7.00
    384.00     449.00       7.00
    408.00     435.00       7.00
