   1612.00     384.00     550.00
    512.00    1484.00     550.00
   -588.00     384.00     550.00
    512.00    -716.00     550.00
   3001.02    2873.02    2200.00
  -1977.02    2873.02    2200.00
  -1977.02   -2105.02    2200.00
   3001.02   -2105.02    2200.00
    266.00     176.00      89.99
    530.00     167.00      90.00
    220.00     321.00       6.32
    247.00     320.00       6.32
    273.00     320.00       6.32
    297.00     320.00       6.32
    325.00     319.00       6.32
    351.00     318.00       6.32
    380.00     319.00       6.32
    407.00     319.00       6.32
    432.00     319.00       6.32
    457.00     319.00       6.32
    480.00     318.00       6.32
    512.00     318.00       6.32
    538.00     321.00       6.32
    564.00     321.00       6.32
    594.00     322.00       6.32
    620.00     322.00       6.32
    649.00     323.00       6.32
    678.00     321.00       6.32
    708.00     319.00       6.32
    736.00     318.00       6.32
    768.00     315.00       6.32
    796.00     315.00       6.32
    824.00     315.00       6.32
    844.00     298.00       6.32
    852.00     274.00       6.32
    852.00     250.00       6.32
    840.00     220.00       6.32
    817.00     200.00       6.32
    781.00     191.00       6.32
    780.00     214.00       6.32
    782.00     238.00       6.32
    754.00     240.00       6.32
    722.00     240.00       6.32
    688.00     240.00       6.32
    660.00     247.00       6.32
    634.00     261.00       6.32
    599.00     271.00       6.32
    562.00     275.00       6.32
    535.00     276.00       6.32
    507.00     276.00       6.32
    479.00     276.00       6.32
    441.00     276.00       6.32
    403.00     276.00       6.32
    365.00     278.00       6.32
    336.00     278.00       6.32
    294.00     281.00       6.32
    253.00     279.00       6.32
    217.00     277.00       6.32
    182.00     266.00       6.32
    160.00     250.00       6.32
    140.00     237.00       6.32
    102.00     228.00       6.32
     63.00     228.00       6.32
     22.00     231.00       6.32
     22.00     256.00       6.32
     23.00     285.00       6.32
     56.00     293.00       6.32
     84.00     294.00       6.32
    110.00     299.00       6.32
    135.00     306.00       6.32
    163.00     311.00       6.32
    189.00     319.00       6.32
    448.00     524.00      65.19
    437.00     424.00       7.00
    465.00     429.00       7.00
    492.00     436.00       7.00
    516.00     454.00       7.00
    533.00     474.00       7.00
    543.00     499.00       7.00
    549.00     528.00       7.00
    542.00     560.00       7.00
    527.00     587.00       7.00
    502.00     609.00       7.00
    470.00     621.00       7.00
    437.00     621.00       7.00
    400.00     612.00       7.00
    371.00     591.00       7.00
    357.00     564.00       7.00
    350.00     533.00       7.00
    353.00     499.00       7.00
    366.00     470.00       7.00
    384.00     449.00       7.00
    408.00     435.00       7.00
    827.00     340.00       7.07
    829.00     361.00       7.07
    829.00     379.00       7.07
    830.00     399.00       7.07
    832.00     423.00       7.07
    832.00     448.00       7.07
    832.00     472.00       7.07
    833.00     497.00       7.07
    835.00     523.00       7.07
    835.00     548.00       7.07
    837.00     575.00       7.07
    838.00     600.00       7.07
    840.00     623.00       7.07
    842.00     645.00       7.07
    841.00     666.00       7.07
    841.00     691.00       7.07
    781.00     170.00       7.07
    781.00     145.00       7.07
    781.00     123.00       7.07
    781.00     101.00       7.07
    781.00      82.00      10.00
    780.00      53.00      10.00
    780.00      23.00      10.00
    806.00      19.00      10.00
    834.00      19.00      10.00
    859.00      19.00      10.00
    884.00      19.00      10.00
    910.00      21.00      10.00
    939.00      21.00      10.00
    965.00      21.00      10.00
    990.00      21.00      10.00
   1008.00      40.00      10.00
   1009.00      65.00      10.00
   1011.00      94.00      10.00
   1011.00     121.00      10.00
   1011.00     148.00      10.00
   1011.00     183.00      10.00
   1007.00     216.00      10.00
   1007.00     250.00      10.00
   1007.00     289.00      10.00
   1007.00     316.00      10.00
   1006.00     346.00      10.00
   1006.00     377.00      10.00
   1008.00     411.00      10.00
   1010.00     445.00      10.00
   1008.00     476.00      10.00
   1007.00     506.00      10.00
   1007.00     540.00      10.00
   1008.00     569.00      10.00
   1008.00     597.00      10.00
   1008.00     628.00      10.00
   1008.00     659.00      10.00
   1008.00     695.00      10.00
    982.00     695.00      10.00
    955.00     697.00      10.00
    928.00     694.00      10.00
    903.00     694.00      10.00
    870.00     694.00      10.00
    811.00     691.00      10.00
    777.00     691.00      10.00
    747.00     692.00      10.00
    716.00     692.00      10.00
    693.00     696.00       9.22
    668.00     693.00       9.22
    642.00     692.00       9.22
    611.00     693.00       9.22
    578.00     696.00       9.22
    545.00     696.00       9.22
    515.00     697.00       9.22
    485.00     699.00       9.22
    455.00     699.00       9.22
    423.00     699.00       9.22
    393.00     700.00       9.22
    361.00     700.00       9.22
    325.00     700.00       9.22
    291.00     701.00       9.22
    259.00     700.00       9.22
    228.00     700.00       9.22
    195.00     700.00       9.22
    165.00     701.00       9.22
    130.00     699.00       9.22
     97.00     700.00       9.22
     61.00     700.00       9.22
     32.00     700.00       9.22
     18.00     677.00       9.22
     17.00     650.00       9.22
     15.00     621.00       9.22
     16.00     592.00       9.22
     16.00     568.00       9.22
     16.00     538.00       9.22
     18.00     512.00       9.22
     18.00     484.00       9.22
     19.00     456.00       9.22
     19.00     431.00       9.22
     43.00     431.00       9.22
     68.00     433.00       9.22
     94.00     433.00       9.22
    123.00     433.00       9.22
    150.00     433.00       9.22
    173.00     433.00       9.22
    197.00     433.00       9.22
    198.00     410.00       9.22
    198.00     384.00       9.22
    199.00     350.00      11.00
     20.00     207.00      11.00
     51.00     207.00      11.00
     77.00     207.00      11.00
    106.00     207.00      11.00
    133.00     200.00      11.00
    148.00     173.00      11.00
    161.00     143.00      11.00
    169.00     118.00      11.00
    169.00      90.00      11.00
    152.00      61.00      11.00
    122.00      55.00      11.00
     94.00      56.00      11.00
    119.00      30.00      11.00
    149.00      15.00      11.00
    319.00      12.00      11.00
    317.00      40.00      11.00
    336.00      59.00      11.00
    364.00      66.00      11.00
    395.00      66.00      11.00
    427.00      65.00      11.00
    459.00      62.00      11.00
    493.00      61.00      11.00
    524.00      60.00      11.00
    556.00      59.00      11.00
    561.00      36.00      11.00
    567.00      11.00      11.00
